2.024110800245000000e+12
2.024110800246000000e+12
2.024110800247000000e+12
2.024110800248000000e+12
2.024110800249000000e+12
2.024110800250000000e+12
2.024110800251000000e+12
2.024110800252000000e+12
2.024110800253000000e+12
2.024110800254000000e+12
2.024110800255000000e+12
2.024110800256000000e+12
2.024110800257000000e+12
2.024110800258000000e+12
2.024110800259000000e+12
2.024110800260000000e+12
2.024110800261000000e+12
2.024110800262000000e+12
2.024110800263000000e+12
2.024110800264000000e+12
2.024110800265000000e+12
2.024110800266000000e+12
2.024110800267000000e+12
2.024110800268000000e+12
2.024110800269000000e+12
2.024110800270000000e+12
2.024110800271000000e+12
2.024110800272000000e+12
2.024110800273000000e+12
2.024110800274000000e+12
2.024110800275000000e+12
2.024110800276000000e+12
2.024110800277000000e+12
2.024110800278000000e+12
2.024110800279000000e+12
2.024110800280000000e+12
2.024110800281000000e+12
2.024110800282000000e+12
2.024110800283000000e+12
2.024110800284000000e+12
2.024110800285000000e+12
2.024110800286000000e+12
2.024110800287000000e+12
2.024110800288000000e+12
2.024110800289000000e+12
2.024110800290000000e+12
2.024110800291000000e+12
2.024110800292000000e+12
2.024110800295000000e+12
2.024110800296000000e+12
2.024110800297000000e+12
2.024110800298000000e+12
2.024110800299000000e+12
2.024110800301000000e+12
2.024110800302000000e+12
2.024110800303000000e+12
2.024110800304000000e+12
2.024110800305000000e+12
2.024110800306000000e+12
2.024110800307000000e+12
2.024110800308000000e+12
2.024110800309000000e+12
2.024110800310000000e+12
2.024110800311000000e+12
2.024110800312000000e+12
2.024110800313000000e+12
2.024110800314000000e+12
2.024110800315000000e+12
2.024110800316000000e+12
2.024110900195000000e+12
2.024110900197000000e+12
2.024110900198000000e+12
2.024110900199000000e+12
2.024110900200000000e+12
2.024110900202000000e+12
2.024110900203000000e+12
2.024110900204000000e+12
2.024110900205000000e+12
2.024110900209000000e+12
2.024110900210000000e+12
2.024110900211000000e+12
2.024110900212000000e+12
2.024110900214000000e+12
2.024110900215000000e+12
2.024110900217000000e+12
2.024110900218000000e+12
2.024110900219000000e+12
2.024111100074000000e+12
2.024111100075000000e+12
2.024111100076000000e+12
2.024111100077000000e+12
2.024111100078000000e+12
2.024111100079000000e+12
2.024111100080000000e+12
2.024111100081000000e+12
2.024111100082000000e+12
2.024111100083000000e+12
2.024111100084000000e+12
2.024111100085000000e+12
2.024111100086000000e+12
2.024111100087000000e+12
2.024111100088000000e+12
2.024111100089000000e+12
2.024111100090000000e+12
2.024111100091000000e+12
2.024111100092000000e+12
2.024111100093000000e+12
2.024111100094000000e+12
2.024111200285000000e+12
2.024111200286000000e+12
2.024111200287000000e+12
2.024111200288000000e+12
2.024111200289000000e+12
2.024111200290000000e+12
2.024111200291000000e+12
2.024111200292000000e+12
2.024111200293000000e+12
2.024111200294000000e+12
2.024111200295000000e+12
2.024111200296000000e+12
2.024111200297000000e+12
2.024111200298000000e+12
2.024111200299000000e+12
2.024111200300000000e+12
2.024111200301000000e+12
2.024111200302000000e+12
2.024111200303000000e+12
2.024111200304000000e+12
2.024111200305000000e+12
2.024111200306000000e+12
2.024111200307000000e+12
2.024111200308000000e+12
2.024111200309000000e+12
2.024111200310000000e+12
2.024111200311000000e+12
2.024111200312000000e+12
2.024111500238000000e+12
2.024111500241000000e+12
2.024111500287000000e+12
2.024111600110000000e+12
2.024111600111000000e+12
2.024111600112000000e+12
2.024111600113000000e+12
2.024111600114000000e+12
2.024111600115000000e+12
2.024111600116000000e+12
2.024111600117000000e+12
2.024111600118000000e+12
2.024111600293000000e+12
2.024111600294000000e+12
2.024111600295000000e+12
2.024111600296000000e+12
2.024111600297000000e+12
2.024111600298000000e+12
2.024111600299000000e+12
2.024111600300000000e+12
2.024111600301000000e+12
2.024111600302000000e+12
2.024111600303000000e+12
2.024111600304000000e+12
2.024111600305000000e+12
2.024111600306000000e+12
2.024111600307000000e+12
2.024111600308000000e+12
2.024111600309000000e+12
2.024111700126000000e+12
2.024111700127000000e+12
2.024111700128000000e+12
2.024111700129000000e+12
2.024111700130000000e+12
2.024111700131000000e+12
2.024111700132000000e+12
2.024111700133000000e+12
2.024111700134000000e+12
2.024111700135000000e+12
2.024111700136000000e+12
2.024111700137000000e+12
2.024111700138000000e+12
2.024111700139000000e+12
2.024111700140000000e+12
2.024111700141000000e+12
2.024111700142000000e+12
2.024111700143000000e+12
2.024111700144000000e+12
2.024111700145000000e+12
2.024111700146000000e+12
2.024111700147000000e+12
2.024111700150000000e+12
2.024111700154000000e+12
2.024111700155000000e+12
2.024111700157000000e+12
2.024111700158000000e+12
2.024111700159000000e+12
2.024111900081000000e+12
2.024111900082000000e+12
2.024111900083000000e+12
2.024111900084000000e+12
2.024111900085000000e+12
2.024111900086000000e+12
2.024111900087000000e+12
2.024111900088000000e+12
2.024111900089000000e+12
2.024111900090000000e+12
2.024111900091000000e+12
2.024111900092000000e+12
2.024111900093000000e+12
2.024111900094000000e+12
2.024111900095000000e+12
2.024111900096000000e+12
2.024111900097000000e+12
2.024111900098000000e+12
2.024111900099000000e+12
2.024111900100000000e+12
2.024112000205000000e+12
2.024112000206000000e+12
2.024112000207000000e+12
2.024112000208000000e+12
2.024112000209000000e+12
2.024112000210000000e+12
2.024112000211000000e+12
2.024112000212000000e+12
2.024112000213000000e+12
2.024112000214000000e+12
2.024112000215000000e+12
2.024112000216000000e+12
2.024112000217000000e+12
2.024112000218000000e+12
2.024112000219000000e+12
2.024112000220000000e+12
2.024112000221000000e+12
2.024112000222000000e+12
2.024112000223000000e+12
2.024112000224000000e+12
2.024112000225000000e+12
2.024112000226000000e+12
2.024112000227000000e+12
2.024112000228000000e+12
2.024112000229000000e+12
2.024112000230000000e+12
2.024112000231000000e+12
2.024112000232000000e+12
2.024112000233000000e+12
2.024112000234000000e+12
2.024112000235000000e+12
2.024112000236000000e+12
2.024112700160000000e+12
2.024112700161000000e+12
2.024112700162000000e+12
2.024112700163000000e+12
2.024112700164000000e+12
2.024112700165000000e+12
2.024112700166000000e+12
2.024112700167000000e+12
2.024112700168000000e+12
2.024112700169000000e+12
2.024112700170000000e+12
2.024112700171000000e+12
2.024112700172000000e+12
2.024112700173000000e+12
2.024112700174000000e+12
2.024112700175000000e+12
2.024112700176000000e+12
2.024112700177000000e+12
2.024112700178000000e+12
2.024112700179000000e+12
2.024112700180000000e+12
2.024112700181000000e+12
2.024112700182000000e+12
2.024112700183000000e+12
2.024112700184000000e+12
2.024112700185000000e+12
2.024112700186000000e+12
2.024112700187000000e+12
2.024112700188000000e+12
2.024112800105000000e+12
2.024112800106000000e+12
2.024112800107000000e+12
2.024112800108000000e+12
2.024112800109000000e+12
2.024112800110000000e+12
2.024112800111000000e+12
2.024112800112000000e+12
2.024112800113000000e+12
2.024112800114000000e+12
2.024112800115000000e+12
2.024112800116000000e+12
2.024112800117000000e+12
2.024112800118000000e+12
2.024112800119000000e+12
2.024112800120000000e+12
2.024112800121000000e+12
2.024112800122000000e+12
2.024112800123000000e+12
2.024112800124000000e+12
2.024112800125000000e+12
2.024112800126000000e+12
2.024112800127000000e+12
2.024112800128000000e+12
2.024112800129000000e+12
2.024112800130000000e+12
2.024112800131000000e+12
2.024112800132000000e+12
2.024112800133000000e+12
2.024112800134000000e+12
2.024112800135000000e+12
2.024112800136000000e+12
2.024112800137000000e+12
2.024112800138000000e+12
2.024112800139000000e+12
2.024112800140000000e+12
2.024112800141000000e+12
2.024112800142000000e+12
2.024112800143000000e+12
2.024112800144000000e+12
2.024112800145000000e+12
2.024112800146000000e+12
2.024112900209000000e+12
2.024112900210000000e+12
2.024112900211000000e+12
2.024112900212000000e+12
2.024112900213000000e+12
2.024112900214000000e+12
2.024112900215000000e+12
2.024112900216000000e+12
2.024112900217000000e+12
2.024112900218000000e+12
2.024112900219000000e+12
2.024112900220000000e+12
2.024112900221000000e+12
2.024112900222000000e+12
2.024112900223000000e+12
2.024112900224000000e+12
2.024112900225000000e+12
2.024112900226000000e+12
2.024112900227000000e+12
2.024112900229000000e+12
2.024112900230000000e+12
2.024112900231000000e+12
2.024112900232000000e+12
2.024112900233000000e+12
2.024112900234000000e+12
2.024112900235000000e+12
2.024112900256000000e+12
2.024112900257000000e+12
2.024112900258000000e+12
2.024112900259000000e+12
2.024112900260000000e+12
2.024112900261000000e+12
2.024112900262000000e+12
2.024112900263000000e+12
2.024112900264000000e+12
2.024112900265000000e+12
2.024112900266000000e+12
2.024112900267000000e+12
2.024112900268000000e+12
2.024112900269000000e+12
2.024112900270000000e+12
2.024112900271000000e+12
2.024112900272000000e+12
2.024112900273000000e+12
2.024112900274000000e+12
2.024112900275000000e+12
2.024112900276000000e+12
2.024112900277000000e+12
2.024112900278000000e+12
2.024112900279000000e+12
2.024112900280000000e+12
2.024112900281000000e+12
2.024112900282000000e+12
2.024112900283000000e+12
2.024112900284000000e+12
2.024112900285000000e+12
2.024112900286000000e+12
2.024112900288000000e+12
2.024112900289000000e+12
2.024112900291000000e+12
2.024112900292000000e+12
2.024112900293000000e+12
2.024112900294000000e+12
2.024113000162000000e+12
2.024113000163000000e+12
2.024113000164000000e+12
2.024113000165000000e+12
2.024113000166000000e+12
2.024113000167000000e+12
2.024113000168000000e+12
2.024113000169000000e+12
2.024113000170000000e+12
2.024113000171000000e+12
2.024113000172000000e+12
2.024113000173000000e+12
2.024113000174000000e+12
2.024113000175000000e+12
2.024113000176000000e+12
2.024120100141000000e+12
2.024120100142000000e+12
2.024120100143000000e+12
2.024120100144000000e+12
2.024120100145000000e+12
2.024120100146000000e+12
2.024120100147000000e+12
2.024120100148000000e+12
2.024120100149000000e+12
2.024120100150000000e+12
2.024120100151000000e+12
2.024120100152000000e+12
2.024120100153000000e+12
2.024120100154000000e+12
2.024120100155000000e+12
2.024120100156000000e+12
2.024120100157000000e+12
2.024120100158000000e+12
2.024120100159000000e+12
2.024120100160000000e+12
2.024120100161000000e+12
2.024120100162000000e+12
2.024120100163000000e+12
2.024120100164000000e+12
2.024120100165000000e+12
2.024120100166000000e+12
2.024120100167000000e+12
2.024120100168000000e+12
2.024120100169000000e+12
2.024120100170000000e+12
2.024120100171000000e+12
2.024120100172000000e+12
2.024120100173000000e+12
2.024120100174000000e+12
2.024120100175000000e+12
2.024120100176000000e+12
2.024120100177000000e+12
2.024120100178000000e+12
2.024120100179000000e+12
2.024120100180000000e+12
2.024120100181000000e+12
2.024120100182000000e+12
2.024120100183000000e+12
2.024120100184000000e+12
2.024120100185000000e+12
2.024120100186000000e+12
2.024120100187000000e+12
2.024120100188000000e+12
2.024120100189000000e+12
2.024120100190000000e+12
2.024120100191000000e+12
2.024120100192000000e+12
2.024120100193000000e+12
2.024120100194000000e+12
2.024120100195000000e+12
2.024120100196000000e+12
2.024120100197000000e+12
2.024120100198000000e+12
2.024120100199000000e+12
2.024120100200000000e+12
2.024120100201000000e+12
2.024120100202000000e+12
2.024120100203000000e+12
2.024120100204000000e+12
2.024120100205000000e+12
2.024120300115000000e+12
2.024120300116000000e+12
2.024120300117000000e+12
2.024120300118000000e+12
2.024120300119000000e+12
2.024120300120000000e+12
2.024120300121000000e+12
2.024120300122000000e+12
2.024120300123000000e+12
2.024120300124000000e+12
2.024120300125000000e+12
2.024120300126000000e+12
2.024120300127000000e+12
2.024120300128000000e+12
2.024120300129000000e+12
2.024120300130000000e+12
2.024120300131000000e+12
2.024120300132000000e+12
2.024120300133000000e+12
2.024120300134000000e+12
2.024120300135000000e+12
2.024120300136000000e+12
2.024120300137000000e+12
2.024120300138000000e+12
2.024120300139000000e+12
2.024120300140000000e+12
2.024120300141000000e+12
2.024120300142000000e+12
2.024120300143000000e+12
2.024120300144000000e+12
2.024120300145000000e+12
2.024120300146000000e+12
2.024120300147000000e+12
2.024120300148000000e+12
2.024120300149000000e+12
2.024120300150000000e+12
2.024120300151000000e+12
2.024120300152000000e+12
2.024120300153000000e+12
2.024120300154000000e+12
2.024120300155000000e+12
2.024120300156000000e+12
2.024120300157000000e+12
2.024120300158000000e+12
2.024120300159000000e+12
2.024120300160000000e+12
2.024120300161000000e+12
2.024120300162000000e+12
2.024120300163000000e+12
2.024120300164000000e+12
2.024120300165000000e+12
2.024120300166000000e+12
2.024120300167000000e+12
2.024120300168000000e+12
2.024120300169000000e+12
2.024120300170000000e+12
2.024120300171000000e+12
2.024120300172000000e+12
2.024120300173000000e+12
2.024120300174000000e+12
2.024120500052000000e+12
2.024120500053000000e+12
2.024120500054000000e+12
2.024120500055000000e+12
2.024120500056000000e+12
2.024120500057000000e+12
2.024120500058000000e+12
2.024120500059000000e+12
2.024120500060000000e+12
2.024120500061000000e+12
2.024120500062000000e+12
2.024120500063000000e+12
2.024120500064000000e+12
2.024120500065000000e+12
2.024120500066000000e+12
2.024120500067000000e+12
2.024120500068000000e+12
2.024120500069000000e+12
2.024120500070000000e+12
2.024120500071000000e+12
2.024120500072000000e+12
2.024120500073000000e+12
2.024120500074000000e+12
2.024120500075000000e+12
2.024120500076000000e+12
2.024120500077000000e+12
2.024120500078000000e+12
2.024120500079000000e+12
2.024120500080000000e+12
2.024120500081000000e+12
2.024120500082000000e+12
2.024120500083000000e+12
2.024120500084000000e+12
2.024120500085000000e+12
2.024120500086000000e+12
2.024120500087000000e+12
2.024120500088000000e+12
2.024120500089000000e+12
2.024120500090000000e+12
2.024120500091000000e+12
2.024120500092000000e+12
2.024120500093000000e+12
2.024120500094000000e+12
2.024120500095000000e+12
2.024120500096000000e+12
2.024120500097000000e+12
2.024120500098000000e+12
2.024120500099000000e+12
2.024120500100000000e+12
2.024120500101000000e+12
2.024120500102000000e+12
2.024120500103000000e+12
2.024120500104000000e+12
2.024120500105000000e+12
2.024120500106000000e+12
2.024120500107000000e+12
2.024120500108000000e+12
2.024120500109000000e+12
2.024120500110000000e+12
2.024120500111000000e+12
2.024120500112000000e+12
2.024120500113000000e+12
2.024120500120000000e+12
2.024120500121000000e+12
2.024120500122000000e+12
2.024120500123000000e+12
2.024120500124000000e+12
2.024120500125000000e+12
2.024120500126000000e+12
2.024120500127000000e+12
2.024120500129000000e+12
2.024120500130000000e+12
2.024120500131000000e+12
2.024120500132000000e+12
2.024120500133000000e+12
2.024120500134000000e+12
2.024120500135000000e+12
2.024120500136000000e+12
2.024120500137000000e+12
2.024120500138000000e+12
2.024120500139000000e+12
2.024120500140000000e+12
2.024120500141000000e+12
2.024120500142000000e+12
2.024120500143000000e+12
2.024120500144000000e+12
2.024120500145000000e+12
2.024120500146000000e+12
2.024120500147000000e+12
2.024120500148000000e+12
2.024120600070000000e+12
2.024120600071000000e+12
2.024120600072000000e+12
2.024120600073000000e+12
2.024120600074000000e+12
2.024120600075000000e+12
2.024120600076000000e+12
2.024120600077000000e+12
2.024120600078000000e+12
2.024120600079000000e+12
2.024120600080000000e+12
2.024120600081000000e+12
2.024120600082000000e+12
2.024120600083000000e+12
2.024120600084000000e+12
2.024120600085000000e+12
2.024120600086000000e+12
2.024120600087000000e+12
2.024120600088000000e+12
2.024120600089000000e+12
2.024120600090000000e+12
2.024120600091000000e+12
2.024120600092000000e+12
2.024120600093000000e+12
2.024120600094000000e+12
2.024120600095000000e+12
2.024120600096000000e+12
2.024120600097000000e+12
2.024120600098000000e+12
2.024120600099000000e+12
2.024120600239000000e+12
2.024120600240000000e+12
2.024120600241000000e+12
2.024120600242000000e+12
2.024120600243000000e+12
2.024120600244000000e+12
2.024120600245000000e+12
2.024120600246000000e+12
2.024120600247000000e+12
2.024120600248000000e+12
2.024120600249000000e+12
2.024120600250000000e+12
2.024120600251000000e+12
2.024120600252000000e+12
2.024120600253000000e+12
2.024120600254000000e+12
2.024120600255000000e+12
2.024120600256000000e+12
2.024120600257000000e+12
2.024120600258000000e+12
2.024120600259000000e+12
2.024120600260000000e+12
2.024120600261000000e+12
2.024120600262000000e+12
2.024120600263000000e+12
2.024120600264000000e+12
2.024120600265000000e+12
2.024120600266000000e+12
2.024120600267000000e+12
2.024120600268000000e+12
2.024120600272000000e+12
2.024120600273000000e+12
2.024120600274000000e+12
2.024120600275000000e+12
2.024120600276000000e+12
2.024120700264000000e+12
2.024120700265000000e+12
2.024120700266000000e+12
2.024120700267000000e+12
2.024120700268000000e+12
2.024120700269000000e+12
2.024120700270000000e+12
2.024120700271000000e+12
2.024120700272000000e+12
2.024120700273000000e+12
2.024120700274000000e+12
2.024120700275000000e+12
2.024120700276000000e+12
2.024120700277000000e+12
2.024120700278000000e+12
2.024120700279000000e+12
2.024120700280000000e+12
2.024120700281000000e+12
2.024120700282000000e+12
2.024120700283000000e+12
2.024120700284000000e+12
2.024120700285000000e+12
2.024120700286000000e+12
2.024120700287000000e+12
2.024120700288000000e+12
2.024120700289000000e+12
2.024120700290000000e+12
2.024120700291000000e+12
2.024120700292000000e+12
2.024120700293000000e+12
2.024120700294000000e+12
2.024120700295000000e+12
2.024120700296000000e+12
2.024120700297000000e+12
2.024120700298000000e+12
2.024120700299000000e+12
2.024120700300000000e+12
2.024120700301000000e+12
2.024120700302000000e+12
2.024120700303000000e+12
2.024120700304000000e+12
2.024120700305000000e+12
2.024120700306000000e+12
2.024120700307000000e+12
2.024120700308000000e+12
2.024120700309000000e+12
2.024120700310000000e+12
2.024120700311000000e+12
2.024120700312000000e+12
2.024120700313000000e+12
2.024120700314000000e+12
2.024120700315000000e+12
2.024120700316000000e+12
2.024120700317000000e+12
2.024120700318000000e+12
2.024120700319000000e+12
2.024120700320000000e+12
2.024120700321000000e+12
2.024120700322000000e+12
2.024120700323000000e+12
2.024120700324000000e+12
2.024120700325000000e+12
2.024120700326000000e+12
2.024120700327000000e+12
2.024120700328000000e+12
2.024120700329000000e+12
2.024120700330000000e+12
2.024120700331000000e+12
2.024120700332000000e+12
2.024120700333000000e+12
2.024120700334000000e+12
2.024120700335000000e+12
2.024120700336000000e+12
2.024120700337000000e+12
2.024120700338000000e+12
2.024120700339000000e+12
2.024120800345000000e+12
2.024120800346000000e+12
2.024120800347000000e+12
2.024120800348000000e+12
2.024120800349000000e+12
2.024120800350000000e+12
2.024120800351000000e+12
2.024120800352000000e+12
2.024120800353000000e+12
2.024120800354000000e+12
2.024120800355000000e+12
2.024120800356000000e+12
2.024120800357000000e+12
2.024120800358000000e+12
2.024120800359000000e+12
2.024120800360000000e+12
2.024120800361000000e+12
2.024120800362000000e+12
2.024120800363000000e+12
2.024120800364000000e+12
2.024120800365000000e+12
2.024120800366000000e+12
2.024120800367000000e+12
2.024120800368000000e+12
2.024120800369000000e+12
2.024120800370000000e+12
2.024120800371000000e+12
2.024120800372000000e+12
2.024120800373000000e+12
2.024120800374000000e+12
2.024120800375000000e+12
2.024120800376000000e+12
2.024120800377000000e+12
2.024120800378000000e+12
2.024120800379000000e+12
2.024120800380000000e+12
2.024120800381000000e+12
2.024120800382000000e+12
2.024120800383000000e+12
2.024120800384000000e+12
2.024120800385000000e+12
2.024120800386000000e+12
2.024120800387000000e+12
2.024120800403000000e+12
2.024120800404000000e+12
2.024120800405000000e+12
2.024120800406000000e+12
2.024120800407000000e+12
2.024120800408000000e+12
2.024120900309000000e+12
2.024120900310000000e+12
2.024120900311000000e+12
2.024120900312000000e+12
2.024120900313000000e+12
2.024120900314000000e+12
2.024120900315000000e+12
2.024120900316000000e+12
2.024120900317000000e+12
2.024120900318000000e+12
2.024120900319000000e+12
2.024120900320000000e+12
2.024120900321000000e+12
2.024120900325000000e+12
2.024120900326000000e+12
2.024120900327000000e+12
2.024120900328000000e+12
2.024120900329000000e+12
2.024120900330000000e+12
2.024120900331000000e+12
2.024120900332000000e+12
2.024120900333000000e+12
2.024120900334000000e+12
2.024121000402000000e+12
2.024121000403000000e+12
2.024121000404000000e+12
2.024121000405000000e+12
2.024121000406000000e+12
2.024121000407000000e+12
2.024121000408000000e+12
2.024121000409000000e+12
2.024121000410000000e+12
2.024121000411000000e+12
2.024121000412000000e+12
2.024121000413000000e+12
2.024121000414000000e+12
2.024121000415000000e+12
2.024121000416000000e+12
2.024121000417000000e+12
2.024121000418000000e+12
2.024121000419000000e+12
2.024121000420000000e+12
2.024121000421000000e+12
2.024121000422000000e+12
2.024121000423000000e+12
2.024121000424000000e+12
2.024121000425000000e+12
2.024121000426000000e+12
2.024121000427000000e+12
2.024121000428000000e+12
2.024121000429000000e+12
2.024121000430000000e+12
2.024121000431000000e+12
2.024121000432000000e+12
2.024121000433000000e+12
2.024121000434000000e+12
